,Document,topic_0,topic_1,topic_2,topic_3,topic_4,topic_5,topic_6,topic_7
0,0,0.056197423245428826,0.28709210253011286,0.10898665615579231,0.11971319606076618,0.18516523787239297,0.10557478500207901,0.0676363557986117,0.06963424333481609
1,1,0.06054439769531223,0.055576465142259,0.492253290835732,0.08144355956233308,0.07420156441063445,0.06901506067072474,0.1092286556721804,0.05773700601082427
2,2,0.03907870514833296,0.08203460513739891,0.036328364341232336,0.033771537938386297,0.23870438738739236,0.481075110001439,0.03855721432472119,0.05045007572109697
3,3,0.10274913077770781,0.04845447572576501,0.06434960942712474,0.03757156282881589,0.2495709880350746,0.35077622962310206,0.03880931479033023,0.10771868879207956
4,4,0.06638114367060659,0.06580074488862783,0.4480965529316584,0.16600928592593456,0.06484850427801096,0.05867473291516555,0.06928480887635532,0.06090422651364056
5,5,0.07837521805708046,0.09788759920048011,0.3540443320494434,0.12370299774326021,0.09908591276251401,0.06597120761045745,0.11077698337482123,0.07015574920194302
6,6,0.1326956128526182,0.0737535188033291,0.09371007584838344,0.3551251070733774,0.06052478243010836,0.05411435965665844,0.13983026133842377,0.09024628199710143
7,7,0.03940284966223116,0.03068399663682767,0.3683474954017103,0.0761519678554857,0.044199621792525116,0.03694929332454625,0.36401037044773404,0.040254404878939734
8,8,0.4870009296676382,0.0781941934617794,0.055748026345835,0.17840794385670616,0.05060929174770274,0.05632749826013087,0.0509624106137195,0.042749706046488145
9,9,0.12633476390650863,0.41755974491427356,0.05612032491043114,0.061800157775631075,0.0534186298200248,0.0959402412109165,0.061847520457099917,0.12697861700511423
10,10,0.07939673246117351,0.4510340647855024,0.06291859077679708,0.0580813703602647,0.061622987253222836,0.14910442236504903,0.06986248891720993,0.06797934308078056
11,11,0.06367643489255265,0.08919740466008079,0.04518135501903403,0.24584600093059836,0.30600648078061127,0.12486953007022054,0.0417459092851815,0.08347688436172093
12,12,0.0786907368929958,0.07029581248855868,0.08000365760224448,0.06094175920503086,0.07315642860703117,0.06480419818933768,0.10329825295214028,0.46880915406266094
13,13,0.04399278641699829,0.0483448944671652,0.04633431493502598,0.06843316526717771,0.5942190931013048,0.08170305553695098,0.059027831541208844,0.0579448587341682
14,14,0.04493275311373409,0.14412133376321226,0.05280856688422342,0.08890042326297247,0.06282943346999349,0.0801835695115032,0.03263497476417351,0.4935889452301875
15,15,0.08430293991059556,0.05518914523052456,0.08653474941063709,0.06777472814662296,0.0555757717211551,0.07221051797383617,0.4632108526795916,0.11520129492703697
16,16,0.084302286527301,0.05518869208159082,0.08653323901056542,0.06777555565738022,0.055575242247721715,0.07221291293339435,0.4632111190691325,0.11520095247291401
17,17,0.0944296899483697,0.05551537788202707,0.434213348145737,0.05017041159935381,0.044387291830506555,0.12592159475120526,0.15565059257564753,0.03971169326715293
18,18,0.18861022292447716,0.05083332997604065,0.055722432190456965,0.48339224026919847,0.06799995071797832,0.05812278258868287,0.04954224058909359,0.04577680074407208
19,19,0.05139628488449172,0.3933256173417103,0.06807081969937159,0.03984827632858597,0.15044900639893988,0.2145146879520256,0.04315447560620834,0.0392408317886667
20,20,0.03400161597660813,0.061195990865061306,0.05661274601944719,0.04074348197710427,0.1252440584464579,0.04102103130606216,0.04435072622231959,0.5968303491869393
21,21,0.09849961633808516,0.06529458892225089,0.595053118876786,0.047021206145726226,0.035444413406365394,0.0849507974805194,0.04502493778048739,0.028711321049779574
22,22,0.0959506547473302,0.072640199330739,0.4158729045711079,0.12001323489393849,0.07798454885628192,0.061127672130144924,0.07470542834760706,0.08170535712285064
23,23,0.04404786931369438,0.039969588960626676,0.10879298406506882,0.06181056140914669,0.04984986704759062,0.04687808719903039,0.598142671200048,0.05050837080479445
24,24,0.06291645217164683,0.1218799746840623,0.32969114029878194,0.08235247268636342,0.05376858401243654,0.08740015960583108,0.19404627428915816,0.0679449422517199
25,25,0.050788269779373264,0.0682024531987262,0.049748507333053846,0.13135202838885673,0.11460912014468182,0.08311152622540803,0.37266172461278285,0.12952637031711736
26,26,0.259533379515642,0.10036252638004628,0.2834085063737695,0.1517754839508131,0.025260384906468807,0.05902449639358451,0.041750307342135334,0.07888491513754059
27,27,0.1040536705688121,0.2251776058561282,0.04776216444008854,0.11816765323356859,0.07939131435285501,0.06308241023180078,0.04138544348395284,0.32097973783279393
28,28,0.19502913420963341,0.14498462522495967,0.0869135524853866,0.09300553049079414,0.08156232608418555,0.12777654893490314,0.10430737917002467,0.1664209034001127
29,29,0.05698089426184724,0.03326879198018695,0.09777603079137272,0.05039459726644819,0.04278573069512359,0.04585887597409428,0.6122558478934833,0.06067923113744368
30,30,0.10678313800134533,0.07416109055265645,0.09332107885629606,0.07423933562831436,0.06384581976557686,0.0946278428363199,0.06316304843093638,0.4298586459285547
31,31,0.048064947083134246,0.05310239093765971,0.05413575106570036,0.08832244732202202,0.06827370601089292,0.054289289114098985,0.5207336005441028,0.11307786792238896
32,32,0.07446266508408741,0.5435547358002675,0.0624160995110082,0.053656599666871446,0.06311565747878943,0.06553963170383294,0.06389800891156255,0.07335660184358068
33,33,0.050244768719603095,0.05902464837429409,0.051211460507245954,0.0610823878471063,0.11713484614758558,0.13772060279068254,0.06083301542760768,0.4627482701858749
34,34,0.06623935381247154,0.060593727382171066,0.1349744818422516,0.06945564206619297,0.0831710758958703,0.09470423044368202,0.42921192135896674,0.06164956719839377
35,35,0.08924920149066189,0.16699420612437582,0.05685791607601512,0.24538065364556746,0.27493808805888703,0.08436397837167244,0.04091298337480221,0.0413029728580179
36,36,0.06190498890634931,0.07594998546932924,0.06450244283800498,0.5067126107748261,0.09992206790819107,0.06395474494144125,0.058376947910155616,0.06867621125170227
37,37,0.0652276105172265,0.05735099143309085,0.070294953436892,0.22317890398334211,0.1306567191815693,0.06749234838192697,0.07328390375953892,0.3125145693064134
38,38,0.04330296487204159,0.5916576435881199,0.04359474428550436,0.07296724071215317,0.06653743612472111,0.08422113526583488,0.043295755181762395,0.05442307996986256
39,39,0.0913819237460397,0.06153215426430634,0.27416290543280475,0.246067316287744,0.04951006154534622,0.10083401630396698,0.056867768352551425,0.11964385406724058
40,40,0.07071749032425874,0.16152980954514773,0.09443922246269039,0.12129923751741009,0.09940762116529911,0.279993107375549,0.09651687558898239,0.07609663602066251
41,41,0.11459054904251897,0.05455410933779741,0.052176353326406744,0.06070028610155326,0.06478010181963051,0.05886991315961033,0.5186625784973109,0.07566610871517199
42,42,0.07799624785272284,0.04261312641060339,0.09144035859022553,0.04933449762337065,0.057335060648904215,0.04513174837732733,0.5463156422722706,0.08983331822457537
43,43,0.043772012421981255,0.03712048124874024,0.04422019803463673,0.05367787661122956,0.11754898765825365,0.5990276555337873,0.04285006414518053,0.0617827243461907
44,44,0.05623008944327246,0.04725884672530459,0.04805319775465316,0.050622865175768327,0.11621409673707667,0.5572095280588241,0.0601361227855497,0.06427525331955103
45,45,0.08149187689609674,0.08106035817801314,0.07417607792172443,0.0662648864494439,0.09943849582311846,0.06160536584752456,0.11315891822118426,0.42280402066289446
46,46,0.12600400217573263,0.17271421946093096,0.07900195032446879,0.10747610579554397,0.12278531255817444,0.26767910060790784,0.05562936833338591,0.06870994074385536
47,47,0.06585121658498222,0.1668489865512518,0.07580405629086429,0.0809069204806139,0.08687187831021048,0.4023424398754187,0.08212721687440448,0.039247285032254116
48,48,0.08870332658700102,0.15041802368861487,0.09515489010970582,0.07777864671517498,0.1471016868012807,0.2820256583985649,0.06866196511272826,0.09015580258692955
49,49,0.07710206529432627,0.45125098261317953,0.0636776842102318,0.07103303625401573,0.13460640122081968,0.07478925100767614,0.05592790191032165,0.07161267748942902
50,50,0.041150865411412066,0.0725668892379098,0.07612832839692471,0.06638260023195428,0.41920567005689985,0.1571530037536201,0.07865483694119912,0.08875780597007998
51,51,0.07423422156246456,0.29188027168654096,0.05953461371291809,0.06677589515637439,0.08646381512740599,0.2667735938376907,0.09690114719919596,0.057436441717409276
52,52,0.0819391077767742,0.06888278296021255,0.06005410865209918,0.05588763547315362,0.0758025273949303,0.16858403827404495,0.06199017409766206,0.42685962537112315
53,53,0.13397946768067706,0.12275992585368145,0.049532408704958335,0.11309444593868315,0.36282645590626,0.08705434393365544,0.05727509662695306,0.07347785535513153
54,54,0.11165203633460702,0.06264283571128502,0.06944980024923197,0.06965042018035736,0.07339512321208409,0.06284296885007631,0.43758486936627067,0.11278194609608759
55,55,0.13849360207732736,0.04011478683738956,0.06402772375635238,0.444975801903537,0.12392075061987062,0.08044342860190795,0.038012191817943256,0.07001171438567179
56,56,0.24619136964972063,0.06052172850528179,0.06831386206513011,0.06260866123295829,0.06174898063522658,0.06264999736116666,0.27758344893494347,0.1603819516155725
57,57,0.04982535970384429,0.04179909271105656,0.0970205761859079,0.05225102556068719,0.0735003221235076,0.04899977191138184,0.588082955971432,0.048520895832182526
58,58,0.04701643507258413,0.08628651222170816,0.5126816581671577,0.07664880884561584,0.06981636022445616,0.062131179732097586,0.0979553684349222,0.04746367730145833
59,59,0.22327220180609336,0.10193319282156986,0.10628188083262081,0.11693342923277497,0.054252208146625444,0.2698279865583498,0.06380807087541324,0.06369102972655251
60,60,0.4754292120563902,0.08455977399846447,0.07213015842913477,0.06676020992417764,0.08026733468768321,0.07424926015168573,0.06376255831179452,0.08284149244066953
61,61,0.38495628568741114,0.04510684743914651,0.04474902973210706,0.15983014850899666,0.06894860316467427,0.11967898248439963,0.04661069171445033,0.13011941126881438
62,62,0.3990680164777152,0.04477515280095639,0.044685930221212256,0.15347196624911325,0.0701258927016708,0.11195609175223085,0.046486975574543316,0.12942997422255798
63,63,0.14542737627921615,0.059526581863523886,0.0967509345755255,0.31617468914697794,0.1561918664922682,0.08958675885179282,0.05133797881990965,0.08500381397078567
64,64,0.45412773837490905,0.07745350544027535,0.06566154420078409,0.14397637311655842,0.07523347241284774,0.06713953635858295,0.04687218377075873,0.06953564632528342
65,65,0.08241346723696492,0.09850086652351034,0.0974161416987277,0.08491822592888867,0.06723225821780328,0.365690131779476,0.12793921177174264,0.07588969684288659
66,66,0.08976020670484909,0.08916687087085343,0.07096190618713373,0.09181298355484169,0.1025308932353525,0.07321597899040218,0.08139775683766311,0.4011534036189043
67,67,0.05575321095036654,0.06243893094935778,0.0888208189166529,0.05321598305593235,0.04886248259640109,0.06617246069526261,0.5635446922386192,0.06119142059740747
68,68,0.12460013428784365,0.06367005518444854,0.23833566290850614,0.15341658741030018,0.048403894697773696,0.0787395496991097,0.09171357356375118,0.2011205422482668
69,69,0.08059531289482406,0.41661794016568665,0.07445285975606415,0.07640164993444853,0.11791323576301928,0.04449386687073599,0.05819286344525517,0.1313322711699661
70,70,0.24884979620254938,0.09261844469821713,0.08941648138445153,0.06256740731295785,0.07899657671895134,0.09209490195651208,0.20720882352373937,0.12824756820262118
71,71,0.06418616253387695,0.08853745617662799,0.060346778963362775,0.08229387166486285,0.06040925073615322,0.054117784531905105,0.08519829358378635,0.5049104018094248
72,72,0.1214003150017794,0.05665852896031694,0.03968345493182254,0.05268667303442205,0.0653294501177541,0.06160741834829341,0.041286367461651284,0.5613477921439601
73,73,0.08875751421242838,0.05179175651272341,0.05010217682121275,0.11794227280694947,0.22330269179846893,0.36595881997292706,0.048494972395055694,0.053649795480234394
74,74,0.04614947016774501,0.13348651399432493,0.08566112160135571,0.04256055532294901,0.05387134347257738,0.057529050121990895,0.0534875282870961,0.527254417031961
75,75,0.08953534589918134,0.06574869511124655,0.10922077105538124,0.4547894690844065,0.08028762317095832,0.059757285593903496,0.08436824533392186,0.05629256475100064
76,76,0.10566577421193048,0.16151426846610514,0.23959317657104565,0.13715289852223092,0.09427926800379972,0.08456870663333525,0.09690407132045156,0.08032183627110105
77,77,0.09260586349988671,0.11992695506621712,0.3369023657609323,0.09550035728625994,0.06618389253556904,0.10777885212638282,0.09625253175140304,0.08484918197334891
78,78,0.05014713294470455,0.07199694959375987,0.06262567369244902,0.028816518121496708,0.03998900118499177,0.06805164396023033,0.5444483968418893,0.13392468366047847
79,79,0.29181571943498313,0.07665788052285653,0.14754349257250582,0.12230986379035712,0.0587626174393365,0.13300639785283508,0.06571716680453894,0.10418686158258685
80,80,0.15448399016153377,0.07592678671005537,0.4134405784218174,0.07109514095354974,0.06884806870747409,0.10724383118512873,0.04612435477402018,0.06283724908642078
81,81,0.15439928292301022,0.06759044914190318,0.42154892614681355,0.07098785091564466,0.06920355357207647,0.10721043673509932,0.04606537790868474,0.0629941226567679
82,82,0.05705495569665861,0.041984405571639294,0.07659100476297998,0.11759712163605422,0.06063865204349159,0.07631051938031459,0.49123679576546603,0.07858654514339565
83,83,0.18798888205649936,0.1379399660284778,0.06479026194175104,0.09035596284383615,0.07850352674464772,0.30300969824508095,0.0650263000982432,0.07238540204146372
84,84,0.09341140726303365,0.06529927790634141,0.09548718649831718,0.19508297807194117,0.30306121590195056,0.07866005740229974,0.08983029425072006,0.07916758270539634
85,85,0.09873722763627774,0.05076877961885211,0.1886938342229575,0.3443355721987227,0.0471549295194325,0.057949190394480564,0.14624834587216057,0.06611212053711644
86,86,0.09522190951178676,0.13057594655287266,0.3044584363500621,0.08909710166249254,0.07095471339739051,0.07287057441687891,0.14786339441180776,0.08895792369670884
87,87,0.38266453676610174,0.06411882681483451,0.25443801693315893,0.06473607444748782,0.05194547134629192,0.05592141945701201,0.04542537085265131,0.08075028338246168
88,88,0.10633482489284869,0.1424106675833487,0.10168588958688671,0.11865902862618445,0.10304843558104974,0.10816335796342247,0.10762439569424458,0.21207340007201478
89,89,0.060289007871462956,0.08186379437493162,0.31779997242167823,0.18585133294250417,0.09111253319471653,0.08817513790735418,0.09814558352424828,0.07676263776310406
90,90,0.07554883841297118,0.04348103479108272,0.07344033062188562,0.500480014460571,0.08930568906150539,0.05840312819625964,0.049524165200598554,0.10981679925512587
91,91,0.07518679495414624,0.1394321167857235,0.059765007161702,0.060713811998269314,0.06234585283019359,0.08086457382540564,0.05661112599504553,0.4650807164495142
92,92,0.09513737386765225,0.06367805006485418,0.08696394856528161,0.16889824585514665,0.0647354356513311,0.10015275472534986,0.10528439697801868,0.31514979429236584
93,93,0.33396527951001326,0.07656755306745486,0.055144916873472144,0.23614315928150703,0.15012402154772028,0.06666947604997399,0.03373042781373022,0.04765516585612813
94,94,0.6268422037724778,0.05997436880074462,0.047461957470725784,0.05727743643222788,0.06125978275902549,0.04475711830764562,0.04263900595626935,0.059788126500883436
95,95,0.09190272792353114,0.07997360674816076,0.08854503678260224,0.054014230222412814,0.08404618594746587,0.43546612773269594,0.0632545172134671,0.10279756742966412
96,96,0.07039579290321063,0.08064654017651997,0.08947229175143809,0.0513847296142924,0.4506893889434228,0.10773131831252616,0.07751231789110033,0.07216762040748965
97,97,0.07507620293227939,0.057593928560100455,0.05019291408287315,0.05869464127105616,0.05308047330280754,0.04377979787487604,0.5717291379086354,0.08985290406737192
98,98,0.08643727696573694,0.4428986868059774,0.05112326854926062,0.06420414926905252,0.1503092047634832,0.0805254093380705,0.06380211169890629,0.06069989260951236
99,99,0.11957024749741821,0.0560700325820698,0.07400633882840807,0.10650357167160443,0.05453876630086585,0.09059613642996375,0.13114809390287138,0.3675668127867984
100,100,0.13045602295680828,0.08946405654880056,0.07889583970327022,0.08834984860369595,0.09358336657933772,0.11428269396357567,0.08036239997942406,0.32460577166508753
101,101,0.08720840009783677,0.04806520458617611,0.09728500396983802,0.5543651592445765,0.05055502606378556,0.05111656869186875,0.06147500310607595,0.04992963423984243
102,102,0.16708149705775896,0.09103277837830116,0.06584006029406846,0.10715066407027057,0.0540148631904597,0.3251789097855121,0.13307269013680925,0.05662853708681961
103,103,0.054646522702465325,0.06618535090698467,0.3333081099767519,0.11270988978219576,0.06912746332537507,0.06679938242669235,0.23637087386239278,0.060852407017142215
104,104,0.08482591308727552,0.18101491255373028,0.04613148951594835,0.08258414761705937,0.055273987272088494,0.36906262656773253,0.05213194229452119,0.1289749810916443
105,105,0.043508424687987594,0.06309218306966827,0.04340369016405951,0.042611424667269665,0.15563077402599984,0.04965192759878344,0.038491333111497994,0.5636102426747336
106,106,0.04973713187391587,0.039633186300176274,0.046008748370808435,0.09801494719946914,0.5724541040952613,0.06949560100152728,0.045612721233353457,0.07904355992548816
107,107,0.40465887717381666,0.06224871822691568,0.10813527051425359,0.1695557626394316,0.053353541207303096,0.07298145300600999,0.07684056816483724,0.0522258090674322
108,108,0.1460759533994744,0.12555577324795805,0.05518425775857185,0.3572303674497463,0.1319499664999928,0.08068154077038375,0.049223255221825184,0.05409888565204779
109,109,0.1460763161387439,0.1255553948051412,0.05518426879444312,0.35723204912457385,0.1319480182900572,0.08068173517655834,0.04922322979203707,0.05409898787844535
110,110,0.38509808086443,0.0623253710825436,0.06042200976314035,0.16785042733377645,0.0691977237446901,0.06768734464703575,0.041327616692505835,0.14609142587187804
111,111,0.10177702551077708,0.14937024042345817,0.10332958688907261,0.06815229416572063,0.08749619330715229,0.09470932332876243,0.06990275203251231,0.32526258434254457
112,112,0.059647408695309455,0.05529778599990717,0.05961313746878865,0.06377350019061724,0.057135498346251076,0.14456092644711635,0.4819431270489005,0.07802861580310937
113,113,0.15115147730334455,0.20358113540959408,0.07239609265510674,0.2038003610033443,0.06993537779439098,0.08720727870145684,0.05414853594242039,0.1577797411903421
114,114,0.04128063838798318,0.07400144644110718,0.05423970751605751,0.07935712247506468,0.43824528405421365,0.15686101619668202,0.05563973563314497,0.10037504929574681
115,115,0.1231534024822639,0.07259738905519414,0.06861445868018926,0.05910699286361131,0.0806801261160045,0.09829043301392126,0.43871291024613973,0.05884428754267584
116,116,0.5925565414897025,0.06159018938347484,0.050658350111948545,0.08637027847301265,0.06412093944340075,0.04521576706854634,0.061376069539187755,0.03811186449072668
117,117,0.05792788065530791,0.49804193995738394,0.05781962499893382,0.08210268385260563,0.11518977335573767,0.05956129698322683,0.036756341781994,0.09260045841481025
118,118,0.1178168862926776,0.1807907787877577,0.13851368126154476,0.17380260299953287,0.09607774036690594,0.1135749160125382,0.09438650418722525,0.08503689009181756
119,119,0.14156771858440254,0.05281321939479333,0.077965316670983,0.06196314609453875,0.06133890046472275,0.08688755595364127,0.4428556162846947,0.07460852655222355
120,120,0.1330878188534423,0.17376254228669138,0.05245962562386463,0.1587235368624361,0.2272560556699926,0.12204120299555546,0.07089648618442133,0.06177273152359608
121,121,0.12868277554453558,0.07021321500034944,0.08127780982275166,0.1657894786251927,0.38444720248824754,0.07561259403739853,0.0424177353248408,0.05155918915668376
122,122,0.46485939107926344,0.07670707765041695,0.04449023139463764,0.1597974509265569,0.059658360424177846,0.05206929697503938,0.0826204941343101,0.059797697415597574
123,123,0.10041324315924335,0.0715376103673181,0.08525442304402975,0.30934625828696,0.09516848878035848,0.0869016677911349,0.046557947180834204,0.20482036139012103
124,124,0.46343040792362955,0.07940941759655176,0.04377955115065356,0.0885280342966576,0.1286368163857961,0.1038727398151242,0.05000908264142147,0.042333950190165726
125,125,0.3628506334765148,0.20695199983937748,0.07945554186910946,0.06571535958332553,0.05271252126072907,0.09455760884288097,0.06990741838353427,0.06784891674452839
126,126,0.40857254604630494,0.16372719794951948,0.06780873287783122,0.07724390311734658,0.061650567162471866,0.106709537988128,0.061955427265470174,0.05233208759292767
127,127,0.40857232948400507,0.163727305249221,0.06780963287555915,0.07724274078909223,0.06165086283336803,0.10670999268060125,0.06195504120480898,0.05233209488334416
128,128,0.4085728991072301,0.16372513752556087,0.06780994659309886,0.07724108289387906,0.06165109844135219,0.10671271387596727,0.0619550070019178,0.05233211456099368
129,129,0.47063237959011694,0.07004727364754083,0.06875464147886357,0.10786777656198214,0.07436494695858896,0.06662131315218664,0.06461039936916514,0.07710126924155564
130,130,0.38078558264004403,0.08428533840586448,0.056669617740348135,0.20357481978715322,0.07553344371137764,0.0764649040429001,0.058650700513247965,0.0640355931590644
131,131,0.0476937901486202,0.5405192263881791,0.053204865741878216,0.07208242104684134,0.05948278319716793,0.11395033183127964,0.04511163394816158,0.06795494769787212
132,132,0.3723011190983272,0.04676684488732078,0.32826172635472106,0.044773365370266605,0.038237641258258834,0.04296124092081212,0.04807300885755705,0.07862505325273624
133,133,0.09359183608568983,0.057657507587002076,0.4084343764037617,0.08324755105887856,0.0598780691346959,0.07046704830072782,0.17035538887220816,0.05636822255703592
134,134,0.0476958517924472,0.061209145652061064,0.060072491763547925,0.1006018280344544,0.5097044557245289,0.1074589768286015,0.04350747090755858,0.06974977929680015
135,135,0.04758371218687043,0.06078187201425724,0.05963212714824235,0.09677460918022664,0.5159374805653036,0.10654253361460661,0.04327725601552984,0.06947040927496313
136,136,0.5870990383387084,0.053816851760400165,0.08441036331051441,0.07108809021355464,0.04633405570586009,0.051154990971230115,0.04114264898058158,0.06495396071915054
137,137,0.17915765248218507,0.20884580829196134,0.06267884470558363,0.06827935776359269,0.0773033618779022,0.2533255232117889,0.061644317992169836,0.08876513367481642
138,138,0.07142172551963313,0.38120516546307076,0.07397370349748322,0.09517019386699788,0.13175510622096023,0.09227213677889072,0.07338248148583325,0.08081948716713072
139,139,0.06216921858933014,0.570151967907491,0.056126454853905064,0.05755766557995821,0.05460891085711471,0.07977675467736785,0.05645600234246186,0.06315302519237125
140,140,0.0907719999142487,0.36338806461405665,0.07371395323164118,0.07835200907340176,0.10886265118279796,0.14391568085720574,0.08691568504251831,0.054079956084129625
141,141,0.07492613475944049,0.5077509180447719,0.05581096521144722,0.10619652577137761,0.09202582628684856,0.055864841870601686,0.04746089813911662,0.05996388991639603
142,142,0.09495627671280811,0.09491820467014647,0.06459234481423407,0.06367044935563254,0.0800886592897022,0.08991245031552045,0.0747744525798106,0.4370871622621455
143,143,0.06011764019693953,0.23081172356578586,0.05686078280897612,0.055627119941415656,0.04391163477250382,0.08025686812899338,0.07273720206608228,0.39967702851930337
144,144,0.07256370699238393,0.22143522252677184,0.06934779314720582,0.06137324042744953,0.059304603765809996,0.10829549510595507,0.09267092586455765,0.3150090121698662
145,145,0.2526005279865368,0.10259926222415809,0.28224321465444446,0.06232682729072804,0.06401964635233857,0.07679791892552448,0.07497550031229712,0.08443710225397236
146,146,0.14574474390098324,0.1406078316724047,0.058428658143079876,0.05966720652993803,0.049917190198943036,0.07858978155565377,0.05849789617216213,0.40854669182683523
147,147,0.14343214060108722,0.27553844873740463,0.05507004065059142,0.0888438494138098,0.05867203671541333,0.2610017920422248,0.04345329127498783,0.07398840056448111
148,148,0.05007946182063652,0.05822024259644563,0.2127309164581202,0.3404141527982781,0.10930776523480007,0.09462092092287346,0.0914691614908341,0.04315737867801211
149,149,0.05419388235288257,0.10127557301771259,0.07792430457812882,0.08707593426821762,0.2772667307405223,0.2691040640813103,0.055470266103906464,0.07768924485731933
150,150,0.13475794077393827,0.237434294584831,0.09924525667022203,0.07689077635731015,0.0976073351653432,0.22631378489377046,0.06675697361463931,0.06099363793994544
151,151,0.09538572885270047,0.40593112433780776,0.07941772146023732,0.059636812994894185,0.08080497458546929,0.1543393813764802,0.06008723516344578,0.06439702122896487
152,152,0.07888565957863093,0.3146630429048633,0.06199908831651229,0.05109140581468418,0.23146459591419602,0.13384856291078792,0.05427723255275212,0.07377041200757317
153,153,0.04237918573708153,0.09744793540242185,0.08738146397212276,0.12661267770462192,0.4908053186949748,0.05050972121337722,0.04772021162369289,0.05714348565170703
154,154,0.05544779113963719,0.07827935263789651,0.08793345707539005,0.09335720393728802,0.42904880534867484,0.10530320285712871,0.07217083646824433,0.07845935053574042
155,155,0.13813272242273925,0.20314043067715198,0.06210662912504897,0.22230496576963465,0.14312427934542474,0.06588850208091723,0.038177225561286,0.12712524501779726
156,156,0.04557657733322651,0.3508129388622029,0.05032488121246339,0.03959838570550191,0.30539077053687125,0.09970146886620543,0.048413457360284864,0.06018152012324386
157,157,0.2932900756697145,0.23295869460342353,0.08936955309686341,0.12141175923042966,0.07112735583215778,0.05660250336213308,0.049930010032643454,0.08531004817263457
158,158,0.08396854151518326,0.3837625134322977,0.03541503514174293,0.08835614410484376,0.13058785926941216,0.08870771168562877,0.061120392807376425,0.12808180204351513
159,159,0.07616329039926537,0.30040082831560533,0.07679106435448384,0.0861999210890523,0.13493867779936375,0.1843424772412046,0.07137271570096125,0.06979102510006366
160,160,0.11226848168949387,0.09202218482728731,0.09237919642656235,0.15801177070911007,0.3688470390547941,0.052133387510120935,0.05504787049946361,0.06929006928316782
161,161,0.07983360621904194,0.04159597174764581,0.10024477122599415,0.1590298878477845,0.3947338296721442,0.14459652813761467,0.03886434257702892,0.04110106257274569
162,162,0.06613367989094546,0.06835864083764696,0.17760242873157567,0.04262941960881565,0.041780071785898654,0.42638101703997056,0.1275780366520144,0.04953670545313267
163,163,0.11027056675510913,0.2215585037850672,0.04046346834005418,0.05275101420678487,0.08399111009149304,0.3865984518409719,0.036813401224601756,0.06755348375591773
164,164,0.09045000207955575,0.08120953376828668,0.08407673428572447,0.31091799025591815,0.12307354735230028,0.14046826203395327,0.07197503657416092,0.0978288936501004
165,165,0.13545708300014772,0.07972148717209598,0.41515516346295733,0.13173374263102253,0.05347410755478999,0.04872914651939621,0.0635834266437447,0.07214584301584553
166,166,0.24604394145036868,0.07822262584946224,0.061469148016702876,0.08178284209039878,0.34210114782313134,0.08954586808628817,0.049960383152571154,0.05087404353107683
167,167,0.29493197469644583,0.08037777985592566,0.07914924194100234,0.11087429978330414,0.06725396830805162,0.08071848589499292,0.06739467306612114,0.21929957645415638
168,168,0.27801464873866555,0.07305301193282897,0.15871596987149517,0.12477477248864678,0.1496052084754259,0.06437473371445744,0.0845597766314025,0.06690187814707767
169,169,0.14204637839945602,0.14845129781058802,0.5033102346298377,0.050988739441446156,0.03867839495458268,0.03534902204088828,0.04603787588014303,0.03513805684305819
170,170,0.09977170631189801,0.11459145393683443,0.11976377964472198,0.08735799461374413,0.09456858194912224,0.1366084316314447,0.1277774196122856,0.21956063229994888
171,171,0.04895612237734176,0.182917567140314,0.029142421809031566,0.03777521511828448,0.2517291313889247,0.1360537885979455,0.0314778000457352,0.2819479535224226
172,172,0.056824881064545536,0.07785572088144516,0.04783798021087416,0.05430826299324131,0.22427299940945056,0.05421509355137662,0.08889557275592733,0.39578948913313944
173,173,0.045445466041155645,0.21545987207739553,0.05645137842496576,0.0689407355722912,0.3915744233907241,0.10103501698403096,0.050483980426768854,0.07060912708266792
174,174,0.3156780726295386,0.08111064161164096,0.05646766318975233,0.04351071651017187,0.34323617942152934,0.059329597692424484,0.048792959697713474,0.05187416924722898
175,175,0.056056529779865374,0.05942365084152218,0.03958669856384145,0.04876202006869985,0.20543294036749848,0.4838459463980515,0.05151166324942199,0.05538055073109915
176,176,0.16217445605871045,0.47786025488429495,0.04956319193348863,0.05228141353630204,0.06136166350356064,0.09479750339977043,0.05223573714658195,0.04972577953729086
177,177,0.05524084808912924,0.0702097259493438,0.2636657483739536,0.3049895510770937,0.13707522895855467,0.06126116062712196,0.05543964834157435,0.05211808858322858
178,178,0.16175856449454992,0.03704810063271429,0.2901083281356712,0.27257843029618356,0.05657871286249721,0.04410101238721362,0.05144144390948686,0.08638540728168337
179,179,0.05964439520127903,0.05953726402792954,0.0937052582906285,0.4179795978949392,0.090322238245732,0.07341811048026654,0.12169718364400955,0.08369595221521581
180,180,0.1551323071976776,0.4725956116514108,0.05278826109234176,0.04407605470130408,0.04543690403348037,0.13715400353178261,0.04280983577768734,0.05000702201431521
181,181,0.06781209224768066,0.04826293502949045,0.05334941316076088,0.32180244271936664,0.3239357363558744,0.05776074900003422,0.08214745623842871,0.04492917524836412
182,182,0.06381711182306649,0.09944804315729718,0.09809975974614141,0.14593392810898653,0.2708646527987734,0.11656497205249577,0.12947027605414643,0.07580125625909269
183,183,0.05563242704058543,0.31311699883571387,0.07669813340989452,0.07816554451220145,0.22715843532152022,0.12848083650891118,0.07386198399282515,0.046885640378348165
184,184,0.04553669678705223,0.37616194131734115,0.1077157535371411,0.1387742405941749,0.09125704054558186,0.1199437640021323,0.059692907759067264,0.060917655457509275
185,185,0.06858203330815586,0.43609358164893974,0.1083898479161425,0.07833081798372915,0.11362698513414574,0.08483789705407575,0.04951377296841603,0.0606250639863953
186,186,0.03604728865202209,0.4261139516270369,0.05000171793199349,0.08834443383373232,0.13618126839355632,0.1823956136756374,0.0409408045873964,0.03997492129862495
187,187,0.07883905357174104,0.30649649245586447,0.08796122344553096,0.10535256222950315,0.10025286339386483,0.07922802869299443,0.09682672169186536,0.1450430545186358
188,188,0.0915861195625146,0.5172656846147295,0.06441435163998152,0.05104318327237575,0.06343754619304069,0.10959406575098032,0.049863264011900825,0.05279578495447659
189,189,0.044693166796071944,0.07876692411547145,0.059700554742406875,0.053381394794786236,0.07718494956036431,0.5196194919858074,0.04869834715632433,0.11795517084876737
190,190,0.2935531856424789,0.0641275659297611,0.058809500829686515,0.10145337893807747,0.31401586745087073,0.05308184324166591,0.05445300259836836,0.06050565536909114
191,191,0.06671756333243287,0.05565064036861595,0.08955001699338808,0.053479775568828276,0.08830385283919473,0.06449100986267267,0.535904894815894,0.04590224621897355
192,192,0.05255607054204378,0.548323567535594,0.058889198064109693,0.05093525879511274,0.06518024648120828,0.05852047063478495,0.0815822794082608,0.08401290853888581
193,193,0.07215710914770239,0.3830786658466701,0.05775394724134746,0.05622534847430586,0.07582196474203803,0.21470106616400508,0.057304210893754905,0.08295768749017608
194,194,0.05838455304585771,0.08651796534592229,0.0373525626508793,0.07971026351025279,0.06584822642899879,0.045986500052008376,0.09331335884953673,0.532886570116544
195,195,0.06668396597015604,0.07226850613349174,0.34951334696116265,0.07413748705017897,0.10587607371918101,0.08464704680735072,0.10478273649100167,0.1420908368674772
196,196,0.0564892990515081,0.04775702846841447,0.47209162388005493,0.06966352403982552,0.045257501242863575,0.08724771000612186,0.11909947125142144,0.10239384205979013
197,197,0.04339232675219149,0.08307713105090095,0.4394061561767661,0.08685444568346107,0.048371144361092216,0.04707789404233462,0.1740688518292916,0.07775205010396202
198,198,0.04007689038202653,0.038068663403636946,0.06105176860607625,0.05939539441627652,0.04758283023473475,0.03690590235983739,0.6715149597813053,0.045403590816106516
199,199,0.09479412658163298,0.44522745557962395,0.05321983168379784,0.12145350013627054,0.0804678892687092,0.06666266378090094,0.06795377766231364,0.07022075530675097
200,200,0.16609379725899873,0.4706331521908384,0.050601632230049556,0.06990928188205357,0.05151099347755068,0.05784414018170748,0.07362383421499899,0.0597831685638026
201,201,0.2638147335753789,0.06689312263563181,0.061439012080507324,0.13417634629814126,0.30393363786372335,0.051312574073234994,0.0820792235564236,0.036351349916958806
202,202,0.05470268582344948,0.053285018368486495,0.07459095493167334,0.13620128022851966,0.2100909277282096,0.28733961064373453,0.12817348996959516,0.0556160323063317
203,203,0.22387891451957037,0.16797471582332127,0.06179586005435757,0.12877682940975313,0.1448769047887435,0.17647287649605514,0.04410708927482156,0.05211680963337747
204,204,0.15969003479019664,0.04755476168591729,0.12845176496676186,0.1362212981566604,0.05410757037818261,0.08371418677726508,0.24297596056067375,0.14728442268434233
205,205,0.06585071671024051,0.0629729282362556,0.04951027027480848,0.0762598573159062,0.04984461576990978,0.05245004752728207,0.5598769826998836,0.08323458146571387
206,206,0.08412934482326986,0.05871674208759928,0.08628271093847707,0.05834745589011723,0.10520935646310678,0.4967557019560419,0.0606930417544252,0.04986564608696272
207,207,0.12190320701427931,0.07683470337119784,0.10375153348887527,0.08473391957434546,0.06686903620853672,0.07666604067005788,0.3382794480509226,0.13096211162178498
208,208,0.05145219483320723,0.059399038239163766,0.054833456969666,0.0653377064679502,0.06506514321166917,0.5327032146940339,0.08591052074831157,0.08529872483599815
209,209,0.10000985063006523,0.04813373261220324,0.06290320008692012,0.069272899499637,0.15853562810257432,0.43104940928445146,0.053650270636840205,0.07644500914730826
210,210,0.14334480697034194,0.11187872338392493,0.06641024128588262,0.09922982731918535,0.10764835700513273,0.06494445940796757,0.07568635845076631,0.3308572261767986
211,211,0.34810777022134143,0.05609352029608139,0.2508425912868441,0.07234754317583356,0.07269406665321505,0.09215984957024563,0.04640767323742756,0.06134698555901134
212,212,0.09848164899072544,0.0534690801853755,0.06633758547706457,0.2827754707370054,0.30824025310535735,0.063960758531363,0.06898821901057589,0.05774698396253292
213,213,0.16059743025267095,0.28980380662922933,0.1000812363374273,0.07166077931259507,0.1408006128505987,0.07510658941151374,0.09330191638012574,0.06864762882583915
214,214,0.23084275825792255,0.08637833080366093,0.0934386750874365,0.14110068620063743,0.09024772135812081,0.060142404228707654,0.05457350978593362,0.2432759142775804
215,215,0.19640889499556258,0.0858268820464994,0.0991503897955013,0.19157836753794505,0.06268558888471205,0.18331510464448966,0.07798550799216182,0.10304926410312817
216,216,0.1163425763178903,0.09196172661339903,0.08378572003645009,0.081084598711786,0.08139659290790097,0.12106131741067229,0.11748402335675524,0.30688344464514605
217,217,0.4655155368322057,0.08038096662484571,0.06761058470814943,0.06576572107934993,0.09948363583909445,0.06810809250269464,0.06951795241206392,0.08361751000159613
218,218,0.16722062907621005,0.08880257356358887,0.4804355595861476,0.05579859882692598,0.047868297240642496,0.03991988996527487,0.07412019156078523,0.04583426018042487
219,219,0.06243524090196546,0.05917108890905836,0.10126906288041825,0.08258628954130579,0.07655778205612634,0.06594753097523079,0.4911509382710383,0.060882066464856784
220,220,0.13782964218795254,0.10105782107069629,0.05760036322964291,0.06480159904250833,0.059104626257908396,0.047592215905383956,0.057110327795251804,0.4749034045106557
221,221,0.27083400018543574,0.10907177398832887,0.05698742080349079,0.30965061444277714,0.0912008229263664,0.04965044549622543,0.07623316996532996,0.03637175219204556
222,222,0.11461190048756131,0.1599224383105698,0.23826978231530205,0.12980995024300376,0.11709561270076724,0.053632593093848234,0.07136378422540327,0.11529393862354445
223,223,0.11042773911775486,0.057827931109288605,0.3800240667327945,0.10400420107514294,0.07911231897306349,0.09691704547687162,0.06905047608560018,0.1026362214294839
224,224,0.18157133979019308,0.0467275512891393,0.08324396095111937,0.31533228230260985,0.07712361516697279,0.04975251059845236,0.0629331640013119,0.18331557590020128
225,225,0.08464070307984807,0.10924478802636743,0.03988685171616363,0.06958160855997648,0.04611363965111419,0.05699785560170004,0.06122044703156683,0.5323141063332633
226,226,0.053219986349946166,0.12444865964151984,0.10541721367844925,0.06503282371720712,0.07326549486225144,0.1263065228237983,0.32881681794937506,0.12349248097745291
227,227,0.19458897671490494,0.056947644238501856,0.07213068756775921,0.09562875421531526,0.38907161090021436,0.08813352100486876,0.045677491901441054,0.05782131345699441
228,228,0.11255317075017592,0.28474125221283325,0.06122004604556814,0.06663749357064981,0.0639777724453443,0.08798395545514526,0.03933626860669383,0.2835500409135894
229,229,0.12595256615520906,0.36290598817974007,0.05565343204394533,0.06342080131000885,0.056507446472040125,0.08637047537307621,0.04380097764971092,0.20538831281626946
230,230,0.11721649080298546,0.06848307206476463,0.2669141130264335,0.20922124683549875,0.06951636651195515,0.051869095933765236,0.08192312832810135,0.1348564864964961
231,231,0.16017104933656304,0.06991958730509924,0.0818855433507058,0.15086589527459385,0.08156157031009426,0.10068333139945992,0.0563450194730873,0.2985680035503966
232,232,0.43780204604494016,0.105242935088424,0.06439227001732557,0.1353253673092897,0.05694167666410979,0.07435235561880567,0.06540525530195358,0.0605380939551514
233,233,0.05391881839922111,0.1604830140960548,0.059820565420088345,0.04235068003968853,0.09295890883932706,0.22807512456814116,0.055745440945218126,0.3066474476922609
234,234,0.05661149882915634,0.43297023408555896,0.08557255067347559,0.09883082319649084,0.0781219076788919,0.13738848746009494,0.05804040821921369,0.05246408985711759
235,235,0.18655128523474726,0.06681949603299123,0.282528612090348,0.09286269811395394,0.09736332897209383,0.07691404342746336,0.09344944860620504,0.1035110875221972
236,236,0.0914364503333954,0.04626874646534936,0.4407074730872948,0.053713464815126385,0.04928504889448069,0.05804144762805917,0.2155357484562628,0.045011620320031566
237,237,0.048243051424790455,0.0347203612665485,0.44361088054137576,0.056152022538293656,0.14711591878505784,0.0653904574493822,0.06576672046162299,0.1390005875329285
238,238,0.0957901535836107,0.0944059658618822,0.11709235835081087,0.08777767689307339,0.12675684999181072,0.15235654054605682,0.19223223939480633,0.1335882153779489
239,239,0.160834391345379,0.19517731554775916,0.11231346681402561,0.15955599179155242,0.11554293379773632,0.09572714476068322,0.06710164179293454,0.09374711414992984
